100,100
101,100
102,100
103,100
104,100
105,100
106,100
107,100
108,100
109,100
110,100
111,100
112,100
113,100
114,100
115,100
116,100
117,100
118,100
119,100
120,100
121,100
122,100
123,100
124,100
125,100
126,100
127,100
128,100
129,100
130,100
131,100
132,100
133,100
134,100
135,100
136,100
137,100
138,100
139,100
140,100
141,100
142,100
143,100
144,100
145,100
146,100
147,100
148,100
149,100
150,100
151,100
152,100
153,100
154,100
155,100
156,100
157,100
158,100
159,100
160,100
161,100
162,100
163,100
164,100
165,100
166,100
167,100
168,100
169,100
170,100
171,100
172,100
173,100
174,100
175,100
176,100
177,100
178,100
179,100
180,100
181,100
182,100
183,100
184,100
185,100
186,100
187,100
188,100
189,100
190,100
191,100
192,100
193,100
194,100
195,100
196,100
197,100
198,100
199,100
200,100
201,100
202,100
203,100
204,100
205,100
206,100
207,100
208,100
209,100
210,100
211,100
212,100
213,100
214,100
215,100
216,100
217,100
218,100
219,100
220,100
221,100
222,100
223,100
224,100
225,100
226,100
227,100
228,100
229,100
230,100
231,100
232,100
233,100
234,100
235,100
236,100
237,100
238,100
239,100
240,100
241,100
242,100
243,100
244,100
245,100
246,100
247,100
248,100
249,100
250,100
251,100
252,100
253,100
254,100
255,100
256,100
257,100
258,100
259,100
260,100
261,100
262,100
263,100
264,100
265,100
266,100
267,100
268,100
269,100
270,100
271,100
272,100
273,100
274,100
275,100
276,100
277,100
278,100
279,100
280,100
281,100
282,100
283,100
284,100
285,100
286,100
287,100
288,100
289,100
290,100
291,100
292,100
293,100
294,100
295,100
296,100
297,100
298,100
299,100
300,100
301,100
302,100
303,100
304,100
305,100
306,100
307,100
308,100
309,100
310,100
311,100
312,100
313,100
314,100
315,100
316,100
317,100
318,100
319,100
320,100
321,100
322,100
323,100
324,100
325,100
326,100
327,100
328,100
329,100
330,100
331,100
332,100
333,100
334,100
335,100
336,100
337,100
338,100
339,100
340,100
341,100
342,100
343,100
344,100
345,100
346,100
347,100
348,100
349,100
350,100
351,100
352,100
353,100
354,100
355,100
356,100
357,100
358,100
359,100
360,100
361,100
362,100
363,100
364,100
365,100
366,100
367,100
368,100
369,100
370,100
371,100
372,100
373,100
374,100
375,100
376,100
377,100
378,100
379,100
380,100
381,100
382,100
383,100
384,100
385,100
386,100
387,100
388,100
389,100
390,100
391,100
392,100
393,100
394,100
395,100
396,100
397,100
398,100
399,100
400,100
401,100
402,100
403,100
404,100
405,100
406,100
407,100
408,100
409,100
410,100
411,100
412,100
413,100
414,100
415,100
416,100
417,100
418,100
419,100
420,100
421,100
422,100
423,100
424,100
425,100
426,100
427,100
428,100
429,100
430,100
431,100
432,100
433,100
434,100
435,100
436,100
437,100
438,100
439,100
440,100
441,100
442,100
443,100
444,100
445,100
446,100
447,100
448,100
449,100
450,100
100,200
101,200
102,200
103,200
104,200
105,200
106,200
107,200
108,200
109,200
110,200
111,200
112,200
113,200
114,200
115,200
116,200
117,200
118,200
119,200
120,200
121,200
122,200
123,200
124,200
125,200
126,200
127,200
128,200
129,200
130,200
131,200
132,200
133,200
134,200
135,200
136,200
137,200
138,200
139,200
140,200
141,200
142,200
143,200
144,200
145,200
146,200
147,200
148,200
149,200
150,200
151,200
152,200
153,200
154,200
155,200
156,200
157,200
158,200
159,200
160,200
161,200
162,200
163,200
164,200
165,200
166,200
167,200
168,200
169,200
170,200
171,200
172,200
173,200
174,200
175,200
176,200
177,200
178,200
179,200
180,200
181,200
182,200
183,200
184,200
185,200
186,200
187,200
188,200
189,200
190,200
191,200
192,200
193,200
194,200
195,200
196,200
197,200
198,200
199,200
200,200
201,200
202,200
203,200
204,200
205,200
206,200
207,200
208,200
209,200
210,200
211,200
212,200
213,200
214,200
215,200
216,200
217,200
218,200
219,200
220,200
221,200
222,200
223,200
224,200
225,200
226,200
227,200
228,200
229,200
230,200
231,200
232,200
233,200
234,200
235,200
236,200
237,200
238,200
239,200
240,200
241,200
242,200
243,200
244,200
245,200
246,200
247,200
248,200
249,200
250,200
251,200
252,200
253,200
254,200
255,200
256,200
257,200
258,200
259,200
260,200
261,200
262,200
263,200
264,200
265,200
266,200
267,200
268,200
269,200
270,200
271,200
272,200
273,200
274,200
275,200
276,200
277,200
278,200
279,200
280,200
281,200
282,200
283,200
284,200
285,200
286,200
287,200
288,200
289,200
290,200
291,200
292,200
293,200
294,200
295,200
296,200
297,200
298,200
299,200
300,200
301,200
302,200
303,200
304,200
305,200
306,200
307,200
308,200
309,200
310,200
311,200
312,200
313,200
314,200
315,200
316,200
317,200
318,200
319,200
320,200
321,200
322,200
323,200
324,200
325,200
326,200
327,200
328,200
329,200
330,200
331,200
332,200
333,200
334,200
335,200
336,200
337,200
338,200
339,200
340,200
341,200
342,200
343,200
344,200
345,200
346,200
347,200
348,200
349,200
350,200
351,200
352,200
353,200
354,200
355,200
356,200
357,200
358,200
359,200
360,200
361,200
362,200
363,200
364,200
365,200
366,200
367,200
368,200
369,200
370,200
371,200
372,200
373,200
374,200
375,200
376,200
377,200
378,200
379,200
380,200
381,200
382,200
383,200
384,200
385,200
386,200
387,200
388,200
389,200
390,200
391,200
392,200
393,200
394,200
395,200
396,200
397,200
398,200
399,200
400,200
401,200
402,200
403,200
404,200
405,200
406,200
407,200
408,200
409,200
410,200
411,200
412,200
413,200
414,200
415,200
416,200
417,200
418,200
419,200
420,200
421,200
422,200
423,200
424,200
425,200
426,200
427,200
428,200
429,200
430,200
431,200
432,200
433,200
434,200
435,200
436,200
437,200
438,200
439,200
440,200
441,200
442,200
443,200
444,200
445,200
446,200
447,200
448,200
449,200
450,200
100,300
101,300
102,300
103,300
104,300
105,300
106,300
107,300
108,300
109,300
110,300
111,300
112,300
113,300
114,300
115,300
116,300
117,300
118,300
119,300
120,300
121,300
122,300
123,300
124,300
125,300
126,300
127,300
128,300
129,300
130,300
131,300
132,300
133,300
134,300
135,300
136,300
137,300
138,300
139,300
140,300
141,300
142,300
143,300
144,300
145,300
146,300
147,300
148,300
149,300
150,300
151,300
152,300
153,300
154,300
155,300
156,300
157,300
158,300
159,300
160,300
161,300
162,300
163,300
164,300
165,300
166,300
167,300
168,300
169,300
170,300
171,300
172,300
173,300
174,300
175,300
176,300
177,300
178,300
179,300
180,300
181,300
182,300
183,300
184,300
185,300
186,300
187,300
188,300
189,300
190,300
191,300
192,300
193,300
194,300
195,300
196,300
197,300
198,300
199,300
200,300
201,300
202,300
203,300
204,300
205,300
206,300
207,300
208,300
209,300
210,300
211,300
212,300
213,300
214,300
215,300
216,300
217,300
218,300
219,300
220,300
221,300
222,300
223,300
224,300
225,300
226,300
227,300
228,300
229,300
230,300
231,300
232,300
233,300
234,300
235,300
236,300
237,300
238,300
239,300
240,300
241,300
242,300
243,300
244,300
245,300
246,300
247,300
248,300
249,300
250,300
251,300
252,300
253,300
254,300
255,300
256,300
257,300
258,300
259,300
260,300
261,300
262,300
263,300
264,300
265,300
266,300
267,300
268,300
269,300
270,300
271,300
272,300
273,300
274,300
275,300
276,300
277,300
278,300
279,300
280,300
281,300
282,300
283,300
284,300
285,300
286,300
287,300
288,300
289,300
290,300
291,300
292,300
293,300
294,300
295,300
296,300
297,300
298,300
299,300
300,300
301,300
302,300
303,300
304,300
305,300
306,300
307,300
308,300
309,300
310,300
311,300
312,300
313,300
314,300
315,300
316,300
317,300
318,300
319,300
320,300
321,300
322,300
323,300
324,300
325,300
326,300
327,300
328,300
329,300
330,300
331,300
332,300
333,300
334,300
335,300
336,300
337,300
338,300
339,300
340,300
341,300
342,300
343,300
344,300
345,300
346,300
347,300
348,300
349,300
350,300
351,300
352,300
353,300
354,300
355,300
356,300
357,300
358,300
359,300
360,300
361,300
362,300
363,300
364,300
365,300
366,300
367,300
368,300
369,300
370,300
371,300
372,300
373,300
374,300
375,300
376,300
377,300
378,300
379,300
380,300
381,300
382,300
383,300
384,300
385,300
386,300
387,300
388,300
389,300
390,300
391,300
392,300
393,300
394,300
395,300
396,300
397,300
398,300
399,300
400,300
401,300
402,300
403,300
404,300
405,300
406,300
407,300
408,300
409,300
410,300
411,300
412,300
413,300
414,300
415,300
416,300
417,300
418,300
419,300
420,300
421,300
422,300
423,300
424,300
425,300
426,300
427,300
428,300
429,300
430,300
431,300
432,300
433,300
434,300
435,300
436,300
437,300
438,300
439,300
440,300
441,300
442,300
443,300
444,300
445,300
446,300
447,300
448,300
449,300
450,300
100,400
101,400
102,400
103,400
104,400
105,400
106,400
107,400
108,400
109,400
110,400
111,400
112,400
113,400
114,400
115,400
116,400
117,400
118,400
119,400
120,400
121,400
122,400
123,400
124,400
125,400
126,400
127,400
128,400
129,400
130,400
131,400
132,400
133,400
134,400
135,400
136,400
137,400
138,400
139,400
140,400
141,400
142,400
143,400
144,400
145,400
146,400
147,400
148,400
149,400
150,400
151,400
152,400
153,400
154,400
155,400
156,400
157,400
158,400
159,400
160,400
161,400
162,400
163,400
164,400
165,400
166,400
167,400
168,400
169,400
170,400
171,400
172,400
173,400
174,400
175,400
176,400
177,400
178,400
179,400
180,400
181,400
182,400
183,400
184,400
185,400
186,400
187,400
188,400
189,400
190,400
191,400
192,400
193,400
194,400
195,400
196,400
197,400
198,400
199,400
200,400
201,400
202,400
203,400
204,400
205,400
206,400
207,400
208,400
209,400
210,400
211,400
212,400
213,400
214,400
215,400
216,400
217,400
218,400
219,400
220,400
221,400
222,400
223,400
224,400
225,400
226,400
227,400
228,400
229,400
230,400
231,400
232,400
233,400
234,400
235,400
236,400
237,400
238,400
239,400
240,400
241,400
242,400
243,400
244,400
245,400
246,400
247,400
248,400
249,400
250,400
251,400
252,400
253,400
254,400
255,400
256,400
257,400
258,400
259,400
260,400
261,400
262,400
263,400
264,400
265,400
266,400
267,400
268,400
269,400
270,400
271,400
272,400
273,400
274,400
275,400
276,400
277,400
278,400
279,400
280,400
281,400
282,400
283,400
284,400
285,400
286,400
287,400
288,400
289,400
290,400
291,400
292,400
293,400
294,400
295,400
296,400
297,400
298,400
299,400
300,400
301,400
302,400
303,400
304,400
305,400
306,400
307,400
308,400
309,400
310,400
311,400
312,400
313,400
314,400
315,400
316,400
317,400
318,400
319,400
320,400
321,400
322,400
323,400
324,400
325,400
326,400
327,400
328,400
329,400
330,400
331,400
332,400
333,400
334,400
335,400
336,400
337,400
338,400
339,400
340,400
341,400
342,400
343,400
344,400
345,400
346,400
347,400
348,400
349,400
350,400
351,400
352,400
353,400
354,400
355,400
356,400
357,400
358,400
359,400
360,400
361,400
362,400
363,400
364,400
365,400
366,400
367,400
368,400
369,400
370,400
371,400
372,400
373,400
374,400
375,400
376,400
377,400
378,400
379,400
380,400
381,400
382,400
383,400
384,400
385,400
386,400
387,400
388,400
389,400
390,400
391,400
392,400
393,400
394,400
395,400
396,400
397,400
398,400
399,400
400,400
401,400
402,400
403,400
404,400
405,400
406,400
407,400
408,400
409,400
410,400
411,400
412,400
413,400
414,400
415,400
416,400
417,400
418,400
419,400
420,400
421,400
422,400
423,400
424,400
425,400
426,400
427,400
428,400
429,400
430,400
431,400
432,400
433,400
434,400
435,400
436,400
437,400
438,400
439,400
440,400
441,400
442,400
443,400
444,400
445,400
446,400
447,400
448,400
449,400
450,400
100,150
101,150
102,150
103,150
104,150
105,150
106,150
107,150
108,150
109,150
110,150
111,150
112,150
113,150
114,150
115,150
116,150
117,150
118,150
119,150
120,150
121,150
122,150
123,150
124,150
125,150
126,150
127,150
128,150
129,150
130,150
131,150
132,150
133,150
134,150
135,150
136,150
137,150
138,150
139,150
140,150
141,150
142,150
143,150
144,150
145,150
146,150
147,150
148,150
149,150
150,150
151,150
152,150
153,150
154,150
155,150
156,150
157,150
158,150
159,150
160,150
161,150
162,150
163,150
164,150
165,150
166,150
167,150
168,150
169,150
170,150
171,150
172,150
173,150
174,150
175,150
176,150
177,150
178,150
179,150
180,150
181,150
182,150
183,150
184,150
185,150
186,150
187,150
188,150
189,150
190,150
191,150
192,150
193,150
194,150
195,150
196,150
197,150
198,150
199,150
200,150
201,150
202,150
203,150
204,150
205,150
206,150
207,150
208,150
209,150
210,150
211,150
212,150
213,150
214,150
215,150
216,150
217,150
218,150
219,150
220,150
221,150
222,150
223,150
224,150
225,150
226,150
227,150
228,150
229,150
230,150
231,150
232,150
233,150
234,150
235,150
236,150
237,150
238,150
239,150
240,150
241,150
242,150
243,150
244,150
245,150
246,150
247,150
248,150
249,150
250,150
251,150
252,150
253,150
254,150
255,150
256,150
257,150
258,150
259,150
260,150
261,150
262,150
263,150
264,150
265,150
266,150
267,150
268,150
269,150
270,150
271,150
272,150
273,150
274,150
275,150
276,150
277,150
278,150
279,150
280,150
281,150
282,150
283,150
284,150
285,150
286,150
287,150
288,150
289,150
290,150
291,150
292,150
293,150
294,150
295,150
296,150
297,150
298,150
299,150
300,150
301,150
302,150
303,150
304,150
305,150
306,150
307,150
308,150
309,150
310,150
311,150
312,150
313,150
314,150
315,150
316,150
317,150
318,150
319,150
320,150
321,150
322,150
323,150
324,150
325,150
326,150
327,150
328,150
329,150
330,150
331,150
332,150
333,150
334,150
335,150
336,150
337,150
338,150
339,150
340,150
341,150
342,150
343,150
344,150
345,150
346,150
347,150
348,150
349,150
350,150
351,150
352,150
353,150
354,150
355,150
356,150
357,150
358,150
359,150
360,150
361,150
362,150
363,150
364,150
365,150
366,150
367,150
368,150
369,150
370,150
371,150
372,150
373,150
374,150
375,150
376,150
377,150
378,150
379,150
380,150
381,150
382,150
383,150
384,150
385,150
386,150
387,150
388,150
389,150
390,150
391,150
392,150
393,150
394,150
395,150
396,150
397,150
398,150
399,150
400,150
401,150
402,150
403,150
404,150
405,150
406,150
407,150
408,150
409,150
410,150
411,150
412,150
413,150
414,150
415,150
416,150
417,150
418,150
419,150
420,150
421,150
422,150
423,150
424,150
425,150
426,150
427,150
428,150
429,150
430,150
431,150
432,150
433,150
434,150
435,150
436,150
437,150
438,150
439,150
440,150
441,150
442,150
443,150
444,150
445,150
446,150
447,150
448,150
449,150
450,150
100,150
101,150
102,150
103,150
104,150
105,150
106,150
107,150
108,150
109,150
110,150
111,150
112,150
113,150
114,150
115,150
116,150
117,150
118,150
119,150
120,150
121,150
122,150
123,150
124,150
125,150
126,150
127,150
128,150
129,150
130,150
131,150
132,150
133,150
134,150
135,150
136,150
137,150
138,150
139,150
140,150
141,150
142,150
143,150
144,150
145,150
146,150
147,150
148,150
149,150
150,150
151,150
152,150
153,150
154,150
155,150
156,150
157,150
158,150
159,150
160,150
161,150
162,150
163,150
164,150
165,150
166,150
167,150
168,150
169,150
170,150
171,150
172,150
173,150
174,150
175,150
176,150
177,150
178,150
179,150
180,150
181,150
182,150
183,150
184,150
185,150
186,150
187,150
188,150
189,150
190,150
191,150
192,150
193,150
194,150
195,150
196,150
197,150
198,150
199,150
200,150
201,150
202,150
203,150
204,150
205,150
206,150
207,150
208,150
209,150
210,150
211,150
212,150
213,150
214,150
215,150
216,150
217,150
218,150
219,150
220,150
221,150
222,150
223,150
224,150
225,150
226,150
227,150
228,150
229,150
230,150
231,150
232,150
233,150
234,150
235,150
236,150
237,150
238,150
239,150
240,150
241,150
242,150
243,150
244,150
245,150
246,150
247,150
248,150
249,150
250,150
251,150
252,150
253,150
254,150
255,150
256,150
257,150
258,150
259,150
260,150
261,150
262,150
263,150
264,150
265,150
266,150
267,150
268,150
269,150
270,150
271,150
272,150
273,150
274,150
275,150
276,150
277,150
278,150
279,150
280,150
281,150
282,150
283,150
284,150
285,150
286,150
287,150
288,150
289,150
290,150
291,150
292,150
293,150
294,150
295,150
296,150
297,150
298,150
299,150
300,150
301,150
302,150
303,150
304,150
305,150
306,150
307,150
308,150
309,150
310,150
311,150
312,150
313,150
314,150
315,150
316,150
317,150
318,150
319,150
320,150
321,150
322,150
323,150
324,150
325,150
326,150
327,150
328,150
329,150
330,150
331,150
332,150
333,150
334,150
335,150
336,150
337,150
338,150
339,150
340,150
341,150
342,150
343,150
344,150
292,450
293,450
294,450
295,450
296,450
297,450
298,450
299,450
300,450
301,450
302,450
303,450
304,450
305,450
306,450
307,450
308,450
309,450
310,450
311,450
312,450
313,450
314,450
315,450
316,450
317,450
318,450
319,450
320,450
321,450
322,450
323,450
324,450
325,450
326,450
327,450
328,450
329,450
330,450
331,450
332,450
333,450
334,450
335,450
336,450
337,450
338,450
339,450
340,450
341,450
342,450
343,450
344,450
345,450
346,450
347,450
348,450
349,450
350,450
351,450
352,450
353,450
354,450
355,450
356,450
357,450
358,450
359,450
360,450
361,450
362,450
363,450
364,450
365,450
366,450
367,450
368,450
369,450
370,450
371,450
372,450
373,450
374,450
375,450
376,450
377,450
378,450
379,450
380,450
381,450
382,450
383,450
384,450
385,450
386,450
387,450
388,450
389,450
390,450
391,450
392,450
393,450
394,450
395,450
396,450
397,450
398,450
399,450
400,450
401,450
402,450
403,450
404,450
405,450
406,450
407,450
408,450
409,450
410,450
411,450
412,450
413,450
414,450
415,450
416,450
417,450
418,450
419,450
420,450
421,450
422,450
423,450
424,450
425,450
426,450
427,450
428,450
429,450
430,450
431,450
432,450
433,450
434,450
435,450
436,450
437,450
438,450
439,450
440,450
441,450
442,450
443,450
444,450
445,450
446,450
447,450
448,450
449,450
450,450
100,125
101,125
102,125
103,125
104,125
105,125
106,125
107,125
108,125
109,125
110,125
111,125
112,125
113,125
114,125
115,125
116,125
117,125
118,125
119,125
120,125
121,125
122,125
123,125
124,125
125,125
126,125
127,125
128,125
129,125
130,125
131,125
132,125
133,125
134,125
135,125
136,125
137,125
138,125
139,125
140,125
141,125
142,125
143,125
144,125
145,125
146,125
147,125
148,125
149,125
150,125
151,125
152,125
153,125
154,125
155,125
156,125
157,125
158,125
159,125
160,125
161,125
162,125
163,125
164,125
165,125
166,125
167,125
168,125
169,125
170,125
171,125
172,125
173,125
174,125
175,125
176,125
177,125
178,125
179,125
180,125
181,125
182,125
183,125
184,125
185,125
186,125
187,125
188,125
189,125
190,125
191,125
192,125
193,125
194,125
195,125
196,125
197,125
198,125
199,125
200,125
201,125
202,125
203,125
204,125
205,125
206,125
207,125
208,125
209,125
210,125
211,125
212,125
213,125
214,125
215,125
216,125
217,125
218,125
219,125
220,125
221,125
222,125
223,125
224,125
225,125
226,125
227,125
228,125
229,125
230,125
231,125
232,125
233,125
234,125
235,125
236,125
237,125
238,125
239,125
240,125
241,125
242,125
243,125
244,125
245,125
246,125
247,125
248,125
249,125
250,125
251,125
252,125
253,125
254,125
255,125
256,125
257,125
258,125
259,125
260,125
261,125
262,125
263,125
264,125
265,125
266,125
267,125
268,125
269,125
270,125
271,125
272,125
273,125
274,125
275,125
276,125
277,125
278,125
279,125
280,125
281,125
282,125
283,125
284,125
285,125
286,125
287,125
288,125
289,125
290,125
291,125
292,125
293,125
294,125
295,125
296,125
297,125
298,125
299,125
300,125
301,125
302,125
303,125
304,125
305,125
306,125
307,125
308,125
309,125
310,125
311,125
312,125
313,125
314,125
315,125
316,125
317,125
318,125
319,125
320,125
321,125
322,125
323,125
324,125
325,125
326,125
327,125
328,125
329,125
330,125
331,125
332,125
333,125
334,125
335,125
336,125
337,125
338,125
339,125
340,125
341,125
342,125
343,125
344,125
345,125
346,125
347,125
348,125
349,125
350,125
351,125
352,125
353,125
354,125
355,125
356,125
357,125
358,125
359,125
360,125
361,125
362,125
363,125
364,125
365,125
366,125
367,125
368,125
369,125
370,125
371,125
372,125
373,125
374,125
375,125
376,125
377,125
378,125
379,125
380,125
381,125
382,125
383,125
384,125
385,125
386,125
387,125
388,125
389,125
390,125
391,125
392,125
393,125
394,125
395,125
396,125
397,125
398,125
399,125
400,125
401,125
402,125
403,125
404,125
405,125
406,125
407,125
408,125
409,125
410,125
411,125
412,125
413,125
414,125
415,125
416,125
417,125
418,125
419,125
420,125
421,125
422,125
423,125
424,125
425,125
426,125
427,125
428,125
429,125
430,125
431,125
432,125
433,125
434,125
435,125
436,125
437,125
438,125
439,125
440,125
441,125
442,125
443,125
444,125
445,125
446,125
447,125
448,125
449,125
450,125
100,175
101,175
102,175
103,175
104,175
105,175
106,175
107,175
108,175
109,175
110,175
111,175
112,175
113,175
114,175
115,175
116,175
117,175
118,175
119,175
120,175
121,175
122,175
123,175
124,175
125,175
126,175
127,175
128,175
129,175
130,175
131,175
132,175
133,175
134,175
135,175
136,175
137,175
138,175
139,175
140,175
141,175
142,175
143,175
144,175
145,175
146,175
147,175
148,175
149,175
150,175
151,175
152,175
153,175
154,175
155,175
156,175
157,175
158,175
159,175
160,175
161,175
162,175
163,175
164,175
165,175
166,175
167,175
168,175
169,175
170,175
171,175
172,175
173,175
174,175
175,175
176,175
177,175
178,175
179,175
180,175
181,175
182,175
183,175
184,175
185,175
186,175
187,175
188,175
189,175
190,175
191,175
192,175
193,175
194,175
195,175
196,175
197,175
198,175
199,175
200,175
201,175
202,175
203,175
204,175
205,175
206,175
207,175
208,175
209,175
210,175
211,175
212,175
213,175
214,175
215,175
216,175
217,175
218,175
219,175
220,175
221,175
222,175
223,175
224,175
225,175
226,175
227,175
228,175
229,175
230,175
231,175
232,175
233,175
234,175
235,175
236,175
237,175
238,175
239,175
240,175
241,175
242,175
243,175
244,175
245,175
246,175
247,175
248,175
249,175
250,175
251,175
252,175
253,175
254,175
255,175
256,175
257,175
258,175
259,175
260,175
261,175
262,175
263,175
264,175
265,175
266,175
267,175
268,175
269,175
270,175
271,175
272,175
273,175
274,175
275,175
276,175
277,175
278,175
279,175
280,175
281,175
282,175
283,175
284,175
285,175
286,175
287,175
288,175
289,175
290,175
291,175
292,175
293,175
294,175
295,175
296,175
297,175
298,175
299,175
300,175
301,175
302,175
303,175
304,175
305,175
306,175
307,175
308,175
309,175
310,175
311,175
312,175
313,175
314,175
315,175
316,175
317,175
318,175
319,175
320,175
321,175
322,175
323,175
324,175
325,175
326,175
327,175
328,175
329,175
330,175
331,175
332,175
333,175
334,175
335,175
336,175
337,175
338,175
339,175
340,175
341,175
342,175
343,175
344,175
345,175
346,175
347,175
348,175
349,175
350,175
351,175
352,175
353,175
354,175
355,175
356,175
357,175
358,175
359,175
360,175
361,175
362,175
363,175
364,175
365,175
366,175
367,175
368,175
369,175
370,175
371,175
372,175
373,175
374,175
375,175
376,175
377,175
378,175
379,175
380,175
381,175
382,175
383,175
384,175
385,175
386,175
387,175
388,175
389,175
390,175
391,175
392,175
393,175
394,175
395,175
396,175
397,175
398,175
399,175
400,175
401,175
402,175
403,175
404,175
405,175
406,175
407,175
408,175
409,175
410,175
411,175
412,175
413,175
414,175
415,175
416,175
417,175
418,175
419,175
420,175
421,175
422,175
423,175
424,175
425,175
426,175
427,175
428,175
429,175
430,175
431,175
432,175
433,175
434,175
435,175
436,175
437,175
438,175
439,175
440,175
441,175
442,175
443,175
444,175
445,175
446,175
447,175
448,175
449,175
450,175
100,225
101,225
102,225
103,225
104,225
105,225
106,225
107,225
108,225
109,225
110,225
111,225
112,225
113,225
114,225
115,225
116,225
117,225
118,225
119,225
120,225
121,225
122,225
123,225
124,225
125,225
126,225
127,225
128,225
129,225
130,225
131,225
132,225
133,225
134,225
135,225
136,225
137,225
138,225
139,225
140,225
141,225
142,225
143,225
144,225
145,225
146,225
147,225
148,225
149,225
150,225
151,225
152,225
153,225
154,225
155,225
156,225
157,225
158,225
159,225
160,225
161,225
162,225
163,225
164,225
165,225
166,225
167,225
168,225
169,225
170,225
171,225
172,225
173,225
174,225
175,225
176,225
177,225
178,225
179,225
180,225
181,225
182,225
183,225
184,225
185,225
186,225
187,225
188,225
189,225
190,225
191,225
192,225
193,225
194,225
195,225
196,225
197,225
198,225
199,225
200,225
201,225
202,225
203,225
204,225
205,225
206,225
207,225
208,225
209,225
210,225
211,225
212,225
213,225
214,225
215,225
216,225
217,225
218,225
219,225
220,225
221,225
222,225
223,225
224,225
225,225
226,225
227,225
228,225
229,225
230,225
231,225
232,225
233,225
234,225
235,225
236,225
237,225
238,225
239,225
240,225
241,225
242,225
243,225
244,225
245,225
246,225
247,225
248,225
249,225
250,225
251,225
252,225
253,225
254,225
255,225
256,225
257,225
258,225
259,225
260,225
261,225
262,225
263,225
264,225
265,225
266,225
267,225
268,225
269,225
270,225
271,225
272,225
273,225
274,225
275,225
276,225
277,225
278,225
279,225
280,225
281,225
282,225
283,225
284,225
285,225
286,225
287,225
288,225
289,225
290,225
291,225
292,225
293,225
294,225
295,225
296,225
297,225
298,225
299,225
300,225
301,225
302,225
303,225
304,225
305,225
306,225
307,225
308,225
309,225
310,225
311,225
312,225
313,225
314,225
315,225
316,225
317,225
318,225
319,225
320,225
321,225
322,225
323,225
324,225
325,225
326,225
327,225
328,225
329,225
330,225
331,225
332,225
333,225
334,225
335,225
336,225
337,225
338,225
339,225
340,225
341,225
342,225
343,225
344,225
345,225
346,225
347,225
348,225
349,225
350,225
351,225
352,225
353,225
354,225
355,225
356,225
357,225
358,225
359,225
360,225
361,225
362,225
363,225
364,225
365,225
366,225
367,225
368,225
369,225
370,225
371,225
372,225
373,225
374,225
375,225
376,225
377,225
378,225
379,225
380,225
381,225
382,225
383,225
384,225
385,225
386,225
387,225
388,225
389,225
390,225
391,225
392,225
393,225
394,225
395,225
396,225
397,225
398,225
399,225
400,225
401,225
402,225
403,225
404,225
405,225
406,225
407,225
408,225
409,225
410,225
411,225
412,225
413,225
414,225
415,225
416,225
417,225
418,225
419,225
420,225
421,225
422,225
423,225
424,225
425,225
426,225
427,225
428,225
429,225
430,225
431,225
432,225
433,225
434,225
435,225
436,225
437,225
438,225
439,225
440,225
441,225
442,225
443,225
444,225
445,225
446,225
447,225
448,225
449,225
450,225
100,275
101,275
102,275
103,275
104,275
105,275
106,275
107,275
108,275
109,275
110,275
111,275
112,275
113,275
114,275
115,275
116,275
117,275
118,275
119,275
120,275
121,275
122,275
123,275
124,275
125,275
126,275
127,275
128,275
129,275
130,275
131,275
132,275
133,275
134,275
135,275
136,275
137,275
138,275
139,275
140,275
141,275
142,275
143,275
144,275
145,275
146,275
147,275
148,275
149,275
150,275
151,275
152,275
153,275
154,275
155,275
156,275
157,275
158,275
159,275
160,275
161,275
162,275
163,275
164,275
165,275
166,275
167,275
168,275
169,275
170,275
171,275
172,275
173,275
174,275
175,275
176,275
177,275
178,275
179,275
180,275
181,275
182,275
183,275
184,275
185,275
186,275
187,275
188,275
189,275
190,275
191,275
192,275
193,275
194,275
195,275
196,275
197,275
198,275
199,275
200,275
201,275
202,275
203,275
204,275
205,275
206,275
207,275
208,275
209,275
210,275
211,275
212,275
213,275
214,275
215,275
216,275
217,275
218,275
219,275
220,275
221,275
222,275
223,275
224,275
225,275
226,275
227,275
228,275
229,275
230,275
231,275
232,275
233,275
234,275
235,275
236,275
237,275
238,275
239,275
240,275
241,275
242,275
243,275
244,275
245,275
246,275
247,275
248,275
249,275
250,275
251,275
252,275
253,275
254,275
255,275
256,275
257,275
258,275
259,275
260,275
261,275
262,275
263,275
264,275
265,275
266,275
267,275
268,275
269,275
270,275
271,275
272,275
273,275
274,275
275,275
276,275
277,275
278,275
279,275
280,275
281,275
282,275
283,275
284,275
285,275
286,275
287,275
288,275
289,275
290,275
291,275
292,275
293,275
294,275
295,275
296,275
297,275
298,275
299,275
300,275
301,275
302,275
303,275
304,275
305,275
306,275
307,275
308,275
309,275
310,275
311,275
312,275
313,275
314,275
315,275
316,275
317,275
318,275
319,275
320,275
321,275
322,275
323,275
324,275
325,275
326,275
327,275
328,275
329,275
330,275
331,275
332,275
333,275
334,275
335,275
336,275
337,275
338,275
339,275
340,275
341,275
342,275
343,275
344,275
345,275
346,275
347,275
348,275
349,275
350,275
351,275
352,275
353,275
354,275
355,275
356,275
357,275
358,275
359,275
360,275
361,275
362,275
363,275
364,275
365,275
366,275
367,275
368,275
369,275
370,275
371,275
372,275
373,275
374,275
375,275
376,275
377,275
378,275
379,275
380,275
381,275
382,275
383,275
384,275
385,275
386,275
387,275
388,275
389,275
390,275
391,275
392,275
393,275
394,275
395,275
396,275
397,275
398,275
399,275
400,275
401,275
402,275
403,275
404,275
405,275
406,275
407,275
408,275
409,275
410,275
411,275
412,275
413,275
414,275
415,275
416,275
417,275
418,275
419,275
420,275
421,275
422,275
423,275
424,275
425,275
426,275
427,275
428,275
429,275
430,275
431,275
432,275
433,275
434,275
435,275
436,275
437,275
438,275
439,275
440,275
441,275
442,275
443,275
444,275
445,275
446,275
447,275
448,275
449,275
450,275
100,325
101,325
102,325
103,325
104,325
105,325
106,325
107,325
108,325
109,325
110,325
111,325
112,325
113,325
114,325
115,325
116,325
117,325
118,325
119,325
120,325
121,325
122,325
123,325
124,325
125,325
126,325
127,325
128,325
129,325
130,325
131,325
132,325
133,325
134,325
135,325
136,325
137,325
138,325
139,325
140,325
141,325
142,325
143,325
144,325
145,325
146,325
147,325
148,325
149,325
150,325
151,325
152,325
153,325
154,325
155,325
156,325
157,325
158,325
159,325
160,325
161,325
162,325
163,325
164,325
165,325
166,325
167,325
168,325
169,325
170,325
171,325
172,325
173,325
174,325
175,325
176,325
177,325
178,325
179,325
180,325
181,325
182,325
183,325
184,325
185,325
186,325
187,325
188,325
189,325
190,325
191,325
192,325
193,325
194,325
195,325
196,325
197,325
198,325
199,325
200,325
201,325
202,325
203,325
204,325
205,325
206,325
207,325
208,325
209,325
210,325
211,325
212,325
213,325
214,325
215,325
216,325
217,325
218,325
219,325
220,325
221,325
222,325
223,325
224,325
225,325
226,325
227,325
228,325
229,325
230,325
231,325
232,325
233,325
234,325
235,325
236,325
237,325
238,325
239,325
240,325
241,325
242,325
243,325
244,325
245,325
246,325
247,325
248,325
249,325
250,325
251,325
252,325
253,325
254,325
255,325
256,325
257,325
258,325
259,325
260,325
261,325
262,325
263,325
264,325
265,325
266,325
267,325
268,325
269,325
270,325
271,325
272,325
273,325
274,325
275,325
276,325
277,325
278,325
279,325
280,325
281,325
282,325
283,325
284,325
285,325
286,325
287,325
288,325
289,325
290,325
291,325
292,325
293,325
294,325
295,325
296,325
297,325
298,325
299,325
300,325
301,325
302,325
303,325
304,325
305,325
306,325
307,325
308,325
309,325
310,325
311,325
312,325
313,325
314,325
315,325
316,325
317,325
318,325
319,325
320,325
321,325
322,325
323,325
324,325
325,325
326,325
327,325
328,325
329,325
330,325
331,325
332,325
333,325
334,325
335,325
336,325
337,325
338,325
339,325
340,325
341,325
342,325
343,325
344,325
345,325
346,325
347,325
348,325
349,325
350,325
351,325
352,325
353,325
354,325
355,325
356,325
357,325
358,325
359,325
360,325
361,325
362,325
363,325
364,325
365,325
366,325
367,325
368,325
369,325
370,325
371,325
372,325
373,325
374,325
375,325
376,325
377,325
378,325
379,325
380,325
381,325
382,325
383,325
384,325
385,325
386,325
387,325
388,325
389,325
390,325
391,325
392,325
393,325
394,325
395,325
396,325
397,325
398,325
399,325
400,325
401,325
402,325
403,325
404,325
405,325
406,325
407,325
408,325
409,325
410,325
411,325
412,325
413,325
414,325
415,325
416,325
417,325
418,325
419,325
420,325
421,325
422,325
423,325
424,325
425,325
426,325
427,325
428,325
429,325
430,325
431,325
432,325
433,325
434,325
435,325
436,325
437,325
438,325
439,325
440,325
441,325
442,325
443,325
444,325
445,325
446,325
447,325
448,325
449,325
450,325
100,375
101,375
102,375
103,375
104,375
105,375
106,375
107,375
108,375
109,375
110,375
111,375
112,375
113,375
114,375
115,375
116,375
117,375
118,375
119,375
120,375
121,375
122,375
123,375
124,375
125,375
126,375
127,375
128,375
129,375
130,375
131,375
132,375
133,375
134,375
135,375
136,375
137,375
138,375
139,375
140,375
141,375
142,375
143,375
144,375
145,375
146,375
147,375
148,375
149,375
150,375
151,375
152,375
153,375
154,375
155,375
156,375
157,375
158,375
159,375
160,375
161,375
162,375
163,375
164,375
165,375
166,375
167,375
168,375
169,375
170,375
171,375
172,375
173,375
174,375
175,375
176,375
177,375
178,375
179,375
180,375
181,375
182,375
183,375
184,375
185,375
186,375
187,375
188,375
189,375
190,375
191,375
192,375
193,375
194,375
195,375
196,375
197,375
198,375
199,375
200,375
201,375
202,375
203,375
204,375
205,375
206,375
207,375
208,375
209,375
210,375
211,375
212,375
213,375
214,375
215,375
216,375
217,375
218,375
219,375
220,375
221,375
222,375
223,375
224,375
225,375
226,375
227,375
228,375
229,375
230,375
231,375
232,375
233,375
234,375
235,375
236,375
237,375
238,375
239,375
240,375
241,375
242,375
243,375
244,375
245,375
246,375
247,375
248,375
249,375
250,375
251,375
252,375
253,375
254,375
255,375
256,375
257,375
258,375
259,375
260,375
261,375
262,375
263,375
264,375
265,375
266,375
267,375
268,375
269,375
270,375
271,375
272,375
273,375
274,375
275,375
276,375
277,375
278,375
279,375
280,375
281,375
282,375
283,375
284,375
285,375
286,375
287,375
288,375
289,375
290,375
291,375
292,375
293,375
294,375
295,375
296,375
297,375
298,375
299,375
300,375
301,375
302,375
303,375
304,375
305,375
306,375
307,375
308,375
309,375
310,375
311,375
312,375
313,375
314,375
315,375
316,375
317,375
318,375
319,375
320,375
321,375
322,375
323,375
324,375
325,375
326,375
327,375
328,375
329,375
330,375
331,375
332,375
333,375
334,375
335,375
336,375
337,375
338,375
339,375
340,375
341,375
342,375
343,375
344,375
345,375
346,375
347,375
348,375
349,375
350,375
351,375
352,375
353,375
354,375
355,375
356,375
357,375
358,375
359,375
360,375
361,375
362,375
363,375
364,375
365,375
366,375
367,375
368,375
369,375
370,375
371,375
372,375
373,375
374,375
375,375
376,375
377,375
378,375
379,375
380,375
381,375
382,375
383,375
384,375
385,375
386,375
387,375
388,375
389,375
390,375
391,375
392,375
393,375
394,375
395,375
396,375
397,375
398,375
399,375
400,375
401,375
402,375
403,375
404,375
405,375
406,375
407,375
408,375
409,375
410,375
411,375
412,375
413,375
414,375
415,375
416,375
417,375
418,375
419,375
420,375
421,375
422,375
423,375
424,375
425,375
426,375
427,375
428,375
429,375
430,375
431,375
432,375
433,375
434,375
435,375
436,375
437,375
438,375
439,375
440,375
441,375
442,375
443,375
444,375
445,375
446,375
447,375
448,375
449,375
450,375
100,425
101,425
102,425
103,425
104,425
105,425
106,425
107,425
108,425
109,425
110,425
111,425
112,425
113,425
114,425
115,425
116,425
117,425
118,425
119,425
120,425
121,425
122,425
123,425
124,425
125,425
126,425
127,425
128,425
129,425
130,425
131,425
132,425
133,425
134,425
135,425
136,425
137,425
138,425
139,425
140,425
141,425
142,425
143,425
144,425
145,425
146,425
147,425
148,425
149,425
150,425
151,425
152,425
153,425
154,425
155,425
156,425
157,425
158,425
159,425
160,425
161,425
162,425
163,425
164,425
165,425
166,425
167,425
168,425
169,425
170,425
171,425
172,425
173,425
174,425
175,425
176,425
177,425
178,425
179,425
180,425
181,425
182,425
183,425
184,425
185,425
186,425
187,425
188,425
189,425
190,425
191,425
192,425
193,425
194,425
195,425
196,425
197,425
198,425
199,425
200,425
201,425
202,425
203,425
204,425
205,425
206,425
207,425
208,425
209,425
210,425
211,425
212,425
213,425
214,425
215,425
216,425
217,425
218,425
219,425
220,425
221,425
222,425
223,425
224,425
225,425
226,425
227,425
228,425
229,425
230,425
231,425
232,425
233,425
234,425
235,425
236,425
237,425
238,425
239,425
240,425
241,425
242,425
243,425
244,425
245,425
246,425
247,425
248,425
249,425
250,425
251,425
252,425
253,425
254,425
255,425
256,425
257,425
258,425
259,425
260,425
261,425
262,425
263,425
264,425
265,425
266,425
267,425
268,425
269,425
270,425
271,425
272,425
273,425
274,425
275,425
276,425
277,425
278,425
279,425
280,425
281,425
282,425
283,425
284,425
285,425
286,425
287,425
288,425
289,425
290,425
291,425
292,425
293,425
294,425
295,425
296,425
297,425
298,425
299,425
300,425
301,425
302,425
303,425
304,425
305,425
306,425
307,425
308,425
309,425
310,425
311,425
312,425
313,425
314,425
315,425
316,425
317,425
318,425
319,425
320,425
321,425
322,425
323,425
324,425
325,425
326,425
327,425
328,425
329,425
330,425
331,425
332,425
333,425
334,425
335,425
336,425
337,425
338,425
339,425
340,425
341,425
342,425
343,425
344,425
345,425
346,425
347,425
348,425
349,425
350,425
351,425
352,425
353,425
354,425
355,425
356,425
357,425
358,425
359,425
360,425
361,425
362,425
363,425
364,425
365,425
366,425
367,425
368,425
369,425
370,425
371,425
372,425
373,425
374,425
375,425
376,425
377,425
378,425
379,425
380,425
381,425
382,425
383,425
384,425
385,425
386,425
387,425
388,425
389,425
390,425
391,425
392,425
393,425
394,425
395,425
396,425
397,425
398,425
399,425
400,425
401,425
402,425
403,425
404,425
405,425
406,425
407,425
408,425
409,425
410,425
411,425
412,425
413,425
414,425
415,425
416,425
417,425
418,425
419,425
420,425
421,425
422,425
423,425
424,425
425,425
426,425
427,425
428,425
429,425
430,425
431,425
432,425
433,425
434,425
435,425
436,425
437,425
438,425
439,425
440,425
441,425
442,425
443,425
444,425
445,425
446,425
447,425
448,425
449,425
450,425
100,475
101,475
102,475
103,475
104,475
105,475
106,475
107,475
108,475
109,475
110,475
111,475
112,475
113,475
114,475
115,475
116,475
117,475
118,475
119,475
120,475
121,475
122,475
123,475
124,475
125,475
126,475
127,475
128,475
129,475
130,475
131,475
132,475
133,475
134,475
135,475
136,475
137,475
138,475
139,475
140,475
141,475
142,475
143,475
144,475
145,475
146,475
147,475
148,475
149,475
150,475
151,475
152,475
153,475
154,475
155,475
156,475
157,475
158,475
159,475
160,475
161,475
162,475
163,475
164,475
165,475
166,475
167,475
168,475
169,475
170,475
171,475
172,475
173,475
174,475
175,475
176,475
177,475
178,475
179,475
180,475
181,475
182,475
183,475
184,475
185,475
186,475
187,475
188,475
189,475
190,475
191,475
192,475
193,475
194,475
195,475
196,475
197,475
198,475
199,475
200,475
201,475
202,475
203,475
204,475
205,475
206,475
207,475
208,475
209,475
210,475
211,475
212,475
213,475
214,475
215,475
216,475
217,475
218,475
219,475
220,475
221,475
222,475
223,475
224,475
225,475
226,475
227,475
228,475
229,475
230,475
231,475
232,475
233,475
234,475
235,475
236,475
237,475
238,475
239,475
240,475
241,475
242,475
243,475
244,475
245,475
246,475
247,475
248,475
249,475
250,475
251,475
252,475
253,475
254,475
255,475
256,475
257,475
258,475
259,475
260,475
261,475
262,475
263,475
264,475
265,475
266,475
267,475
268,475
269,475
270,475
271,475
272,475
273,475
274,475
275,475
276,475
277,475
278,475
279,475
280,475
281,475
282,475
283,475
284,475
285,475
286,475
287,475
288,475
289,475
290,475
291,475
292,475
293,475
294,475
295,475
296,475
297,475
298,475
299,475
300,475
301,475
302,475
303,475
304,475
305,475
306,475
307,475
308,475
309,475
310,475
311,475
312,475
313,475
314,475
315,475
316,475
317,475
318,475
319,475
320,475
321,475
322,475
323,475
324,475
325,475
326,475
327,475
328,475
329,475
330,475
331,475
332,475
333,475
334,475
335,475
336,475
337,475
338,475
339,475
340,475
341,475
342,475
343,475
344,475
345,475
346,475
347,475
348,475
349,475
350,475
351,475
352,475
353,475
354,475
355,475
356,475
357,475
358,475
359,475
360,475
361,475
362,475
363,475
364,475
365,475
366,475
367,475
368,475
369,475
370,475
371,475
372,475
373,475
374,475
375,475
376,475
377,475
378,475
379,475
380,475
381,475
382,475
383,475
384,475
385,475
386,475
387,475
388,475
389,475
390,475
391,475
392,475
393,475
394,475
395,475
396,475
397,475
398,475
399,475
400,475
401,475
402,475
403,475
404,475
405,475
406,475
407,475
408,475
409,475
410,475
411,475
412,475
413,475
414,475
415,475
416,475
417,475
418,475
419,475
420,475
421,475
422,475
423,475
424,475
425,475
426,475
427,475
428,475
429,475
430,475
431,475
432,475
433,475
434,475
435,475
436,475
437,475
438,475
439,475
440,475
441,475
442,475
443,475
444,475
445,475
446,475
447,475
448,475
449,475
450,475
439,161
549,209
123,102
348,119
123,251
214,150
188,456
143,133
407,350
484,208
408,255
230,130
543,353
478,103
523,127
343,452
363,452
275,454
239,101
394,484
191,528
456,489
421,496
222,114
385,538
433,192
507,107
375,384
387,299
530,149
275,303
120,365
211,291